2 12 100
3 5 1 0 0 0 0 0 0 0
2 2
2 2
1 3
0 40.0 50.0 0.0 0.0 0 240
1 25.0 85.0 10.0 20.0 60 420 10 0 1 0 0 0 0 0 0 0 0
2 22.0 75.0 10.0 30.0 60 360 15 1 0 0 0 0 0 0 0 0 0
3 22.0 85.0 10.0 50.0 0 540 20 0 0 1 0 0 0 0 0 0 0
4 20.0 80.0 10.0 40.0 0 480 8 1 0 0 0 0 0 0 0 0 0
5 20.0 85.0 10.0 30.0 240 660 10 0 1 0 0 0 0 0 0 0 0
6 18.0 75.0 10.0 35.0 30 420 30 0 1 0 0 0 0 0 0 0 0
7 15.0 75.0 10.0 50.0 0 300 20 1 0 0 0 0 0 0 0 0 0
8 15.0 80.0 10.0 30.0 60 660 16 1 0 0 0 0 0 0 0 0 0
9 10.0 35.0 10.0 30.0 60 300 13 0 0 1 0 0 0 0 0 0 0
10 10.0 40.0 10.0 30.0 120 720 25 0 1 0 0 0 0 0 0 0 0
11 8.0 40.0 10.0 40.0 180 660 15 0 0 1 0 0 0 0 0 0 0
12 8.0 45.0 10.0 15.0 60 360 22 0 1 0 0 0 0 0 0 0 0
